{
    "_versionMajor": 0,
    "_versionMinor": 3,
    "boundsCenter": {
        "x": 0,
        "y": 0,
        "z": 2.058929920196533
    },
    "boundsSize": {
        "x": 4.081897735595703,
        "y": 3.2000792026519775,
        "z": 1.3702703714370728
    },
    "format": "perpixel",
    "numAngles": 1,
    "perspectives": [
        {
            "clipEpsilon": 0.003648914862424135,
            "crop": {
                "w": 1.0,
                "x": 0.0,
                "y": 0.0,
                "z": 1.0
            },
            "depthFocalLength": {
                "x": 504.86151123046875,
                "y": 505.06695556640625
            },
            "depthImageSize": {
                "x": 751.0,
                "y": 589.0
            },
            "depthPrincipalPoint": {
                "x": 383.9341735839844,
                "y": 369.08319091796875
            },
            "extrinsics": {
                "e00": 1.0,
                "e01": 0.0,
                "e02": 0.0,
                "e03": 0.0,
                "e10": 0.0,
                "e11": 1.0,
                "e12": 0.0,
                "e13": 0.0,
                "e20": 0.0,
                "e21": 0.0,
                "e22": 1.0,
                "e23": 0.0,
                "e30": 0.0,
                "e31": 0.0,
                "e32": 0.0,
                "e33": 1.0
            },
            "farClip": 2.744065046310425,
            "nearClip": 1.373794674873352
        }
    ],
    "textureHeight": 1180,
    "textureWidth": 752
}
